0 1
0 2
0 3
0 4
0 5
0 8
0 9
0 10
0 11
0 12
0 15
0 18
0 19
0 20
0 21
0 22
0 23
0 24
0 27
0 30
0 31
0 32
0 33
0 34
0 37
0 38
0 40
0 43
0 44
0 47
0 48
0 49
0 50
0 53
0 56
0 57
0 58
0 61
0 62
0 69
0 70
0 71
0 72
0 73
0 74
0 75
0 90
0 93
0 105
0 107
0 115
0 122
0 123
0 129
0 130
0 140
0 147
0 148
0 157
0 161
0 169
0 173
0 186
0 187
0 203
0 207
0 208
0 217
0 253
0 255
0 262
0 277
0 282
0 319
0 392
0 441
0 454
0 471
1 2
1 3
1 4
1 5
1 8
1 9
1 10
1 11
1 12
1 15
1 18
1 19
1 20
1 21
1 22
1 23
1 24
1 27
1 30
1 31
1 32
1 33
1 34
1 37
1 38
1 40
1 43
1 44
1 47
1 48
1 49
1 50
1 53
1 56
1 57
1 58
1 61
1 62
1 69
1 70
1 71
1 73
1 74
1 90
1 93
1 105
1 107
1 115
1 122
1 123
1 129
1 130
1 140
1 147
1 148
1 157
1 161
1 169
1 173
1 186
1 203
1 204
1 207
1 208
1 209
1 217
1 255
1 262
1 263
1 277
1 291
1 293
1 304
1 319
1 392
1 464
1 471
1 645
2 3
2 4
2 5
2 8
2 9
2 10
2 11
2 12
2 15
2 18
2 19
2 20
2 21
2 23
2 24
2 27
2 30
2 32
2 33
2 34
2 38
2 40
2 43
2 44
2 47
2 48
2 49
2 50
2 51
2 53
2 56
2 57
2 58
2 61
2 62
2 70
2 73
2 90
2 105
2 107
2 122
2 129
2 130
2 140
2 147
2 148
2 157
2 161
2 173
2 186
2 204
2 209
2 262
2 293
2 304
2 377
2 413
2 440
2 442
3 4
3 5
3 8
3 9
3 10
3 11
3 12
3 15
3 18
3 19
3 20
3 21
3 23
3 24
3 27
3 30
3 32
3 33
3 38
3 40
3 43
3 44
3 47
3 48
3 49
3 50
3 53
3 56
3 57
3 58
3 62
3 70
3 73
3 90
3 105
3 107
3 115
3 122
3 129
3 130
3 140
3 147
3 157
3 161
3 186
3 204
3 209
3 264
3 293
3 304
3 353
3 377
3 413
3 414
3 442
3 618
4 5
4 8
4 9
4 10
4 11
4 12
4 15
4 18
4 19
4 20
4 21
4 23
4 24
4 27
4 30
4 31
4 32
4 33
4 37
4 38
4 40
4 43
4 44
4 47
4 48
4 49
4 50
4 51
4 52
4 53
4 56
4 57
4 58
4 61
4 62
4 69
4 70
4 73
4 90
4 93
4 105
4 107
4 114
4 115
4 122
4 129
4 137
4 140
4 147
4 148
4 157
4 173
4 203
4 204
4 207
4 208
4 209
4 214
4 217
4 250
4 255
4 264
4 277
4 293
4 304
4 369
4 377
4 392
4 441
4 730
5 8
5 9
5 10
5 11
5 12
5 18
5 19
5 20
5 21
5 23
5 24
5 27
5 30
5 31
5 33
5 38
5 40
5 43
5 44
5 47
5 48
5 50
5 51
5 52
5 53
5 56
5 57
5 58
5 61
5 62
5 69
5 73
5 105
5 114
5 115
5 122
5 137
5 148
5 157
5 203
5 204
5 208
5 209
5 214
5 217
5 250
5 264
5 293
5 304
5 377
5 392
5 730
6 7
6 16
6 17
6 36
6 59
6 66
6 86
6 87
6 199
6 248
6 251
6 272
6 273
6 296
6 343
6 354
6 434
6 493
6 556
7 16
7 17
7 36
7 59
7 63
7 66
7 86
7 87
7 199
7 248
7 251
7 272
7 273
7 274
7 296
7 434
7 556
7 731
8 9
8 10
8 11
8 12
8 18
8 19
8 20
8 21
8 22
8 23
8 24
8 27
8 30
8 31
8 33
8 38
8 40
8 43
8 44
8 47
8 48
8 49
8 50
8 53
8 56
8 57
8 58
8 61
8 62
8 69
8 70
8 71
8 73
8 90
8 105
8 107
8 114
8 122
8 137
8 140
8 147
8 148
8 157
8 173
8 203
8 207
8 208
8 209
8 214
8 217
8 250
8 293
8 304
8 369
8 392
8 446
8 452
8 730
9 10
9 11
9 12
9 15
9 18
9 19
9 20
9 21
9 22
9 23
9 24
9 27
9 30
9 31
9 32
9 33
9 37
9 38
9 40
9 43
9 44
9 47
9 48
9 49
9 50
9 53
9 56
9 57
9 58
9 61
9 62
9 69
9 70
9 71
9 73
9 90
9 105
9 107
9 114
9 122
9 123
9 129
9 130
9 137
9 140
9 147
9 148
9 157
9 161
9 169
9 173
9 203
9 204
9 207
9 208
9 209
9 214
9 217
9 250
9 262
9 263
9 277
9 291
9 304
9 369
9 392
9 452
9 454
10 11
10 12
10 15
10 18
10 19
10 20
10 21
10 22
10 23
10 24
10 27
10 30
10 31
10 32
10 33
10 37
10 38
10 40
10 43
10 44
10 47
10 48
10 49
10 50
10 53
10 56
10 57
10 58
10 61
10 62
10 69
10 70
10 71
10 72
10 73
10 90
10 93
10 105
10 107
10 114
10 115
10 122
10 123
10 129
10 130
10 137
10 140
10 147
10 148
10 157
10 161
10 169
10 173
10 203
10 204
10 207
10 208
10 209
10 214
10 217
10 250
10 255
10 262
10 277
10 291
10 293
10 304
10 369
10 392
10 452
10 464
10 645
11 12
11 13
11 14
11 15
11 18
11 19
11 20
11 21
11 22
11 23
11 24
11 27
11 29
11 30
11 31
11 32
11 33
11 34
11 37
11 38
11 39
11 40
11 43
11 44
11 47
11 48
11 49
11 50
11 53
11 56
11 57
11 58
11 61
11 62
11 69
11 70
11 71
11 72
11 73
11 74
11 75
11 90
11 93
11 105
11 107
11 114
11 115
11 122
11 123
11 129
11 130
11 137
11 140
11 141
11 147
11 148
11 157
11 169
11 173
11 186
11 187
11 190
11 203
11 204
11 207
11 208
11 209
11 214
11 217
11 250
11 253
11 255
11 262
11 263
11 264
11 277
11 282
11 291
11 293
11 304
11 319
11 352
11 353
11 368
11 369
11 392
11 424
11 437
11 441
11 442
11 454
11 464
11 549
11 586
11 645
11 665
11 688
11 764
11 846
11 858
11 921
11 931
12 15
12 18
12 19
12 20
12 21
12 22
12 23
12 24
12 27
12 30
12 31
12 32
12 33
12 38
12 40
12 43
12 44
12 47
12 48
12 49
12 50
12 53
12 56
12 57
12 58
12 61
12 69
12 70
12 71
12 73
12 90
12 105
12 107
12 114
12 115
12 122
12 130
12 137
12 140
12 147
12 148
12 157
12 161
12 173
12 208
12 209
12 250
12 262
12 304
12 369
12 441
12 464
12 645
13 14
13 15
13 29
13 39
13 187
13 214
13 352
13 368
13 424
14 28
14 29
14 34
14 39
14 186
14 187
14 205
14 214
14 352
14 368
14 424
15 18
15 19
15 20
15 21
15 22
15 24
15 32
15 33
15 43
15 44
15 48
15 49
15 50
15 53
15 56
15 57
15 58
15 70
15 90
15 93
15 115
15 129
15 130
15 140
15 141
15 147
15 157
15 161
15 186
15 277
15 304
15 319
15 353
15 368
15 424
15 464
15 549
16 17
16 35
16 36
16 55
16 59
16 63
16 86
16 87
16 108
16 248
16 272
16 273
16 296
16 354
16 434
16 469
17 36
17 59
17 248
17 272
17 273
17 296
17 354
17 434
17 469
18 19
18 20
18 21
18 22
18 23
18 24
18 27
18 30
18 31
18 32
18 33
18 37
18 38
18 40
18 44
18 47
18 48
18 49
18 50
18 53
18 56
18 57
18 58
18 61
18 62
18 69
18 70
18 72
18 73
18 90
18 105
18 114
18 115
18 137
18 148
18 157
18 169
18 173
18 203
18 207
18 208
18 209
18 214
18 217
18 250
18 277
18 304
18 369
18 392
19 20
19 21
19 22
19 23
19 24
19 27
19 30
19 31
19 32
19 33
19 34
19 37
19 38
19 40
19 43
19 44
19 47
19 48
19 49
19 50
19 53
19 56
19 57
19 58
19 61
19 62
19 69
19 70
19 71
19 73
19 79
19 90
19 105
19 107
19 122
19 123
19 129
19 130
19 140
19 147
19 148
19 157
19 161
19 169
19 173
19 186
19 203
19 204
19 207
19 209
19 255
19 262
19 263
19 277
19 291
19 293
19 304
19 319
19 369
19 392
19 413
19 442
19 464
20 21
20 22
20 23
20 24
20 27
20 30
20 31
20 33
20 37
20 38
20 40
20 43
20 44
20 47
20 48
20 49
20 50
20 53
20 56
20 57
20 58
20 61
20 62
20 69
20 70
20 71
20 73
20 90
20 105
20 107
20 122
20 129
20 130
20 137
20 140
20 147
20 157
20 173
20 203
20 204
20 207
20 208
20 209
20 214
20 217
20 250
20 264
20 277
20 291
20 293
20 304
20 369
20 377
20 392
21 22
21 23
21 24
21 30
21 31
21 32
21 33
21 37
21 38
21 40
21 43
21 44
21 47
21 48
21 49
21 50
21 53
21 56
21 57
21 58
21 61
21 62
21 69
21 70
21 71
21 73
21 79
21 90
21 105
21 107
21 122
21 123
21 129
21 130
21 140
21 147
21 148
21 157
21 161
21 169
21 173
21 203
21 204
21 207
21 208
21 255
21 262
21 263
21 277
21 291
21 304
21 319
21 369
21 392
21 454
22 23
22 24
22 30
22 33
22 43
22 47
22 50
22 69
22 70
22 71
22 73
22 79
22 90
22 107
22 122
22 123
22 130
22 147
22 157
22 161
22 207
22 262
22 263
22 291
22 319
22 369
22 392
22 454
23 24
23 27
23 30
23 31
23 32
23 33
23 38
23 40
23 43
23 44
23 47
23 48
23 50
23 53
23 56
23 57
23 58
23 61
23 62
23 69
23 70
23 71
23 73
23 90
23 105
23 114
23 122
23 147
23 148
23 157
23 173
23 203
23 207
23 208
23 214
23 277
23 291
23 304
23 369
23 392
23 452
24 27
24 30
24 33
24 38
24 40
24 44
24 47
24 48
24 50
24 53
24 56
24 57
24 58
24 61
24 62
24 69
24 70
24 73
24 105
24 114
24 137
24 147
24 157
24 173
24 203
24 207
24 208
24 209
24 214
24 250
24 304
24 369
24 392
25 26
25 59
25 78
25 95
25 96
25 138
25 174
25 175
25 194
25 195
25 196
25 197
25 303
25 305
25 371
25 397
25 638
26 59
26 78
26 95
26 96
26 133
26 138
26 174
26 175
26 194
26 196
26 219
26 303
26 371
26 574
26 638
27 30
27 33
27 38
27 40
27 44
27 47
27 48
27 50
27 53
27 56
27 57
27 58
27 61
27 62
27 69
27 73
27 105
27 137
27 157
27 173
27 203
27 204
27 208
27 209
27 214
27 217
27 264
27 293
27 304
27 377
27 446
27 452
28 29
28 39
28 118
28 205
28 232
28 233
28 308
29 39
29 205
29 308
29 480
30 31
30 32
30 33
30 38
30 40
30 43
30 44
30 47
30 48
30 49
30 50
30 53
30 56
30 57
30 58
30 61
30 62
30 69
30 70
30 71
30 73
30 90
30 105
30 107
30 114
30 122
30 130
30 137
30 147
30 148
30 157
30 173
30 203
30 204
30 208
30 209
30 214
30 250
30 293
30 304
31 32
31 33
31 34
31 37
31 40
31 47
31 49
31 50
31 53
31 57
31 58
31 61
31 62
31 69
31 72
31 73
31 74
31 75
31 90
31 122
31 123
31 148
31 157
31 169
31 173
31 190
31 203
31 207
31 208
31 214
31 217
31 250
31 255
31 277
32 33
32 43
32 48
32 49
32 50
32 51
32 53
32 56
32 57
32 58
32 114
32 115
32 122
32 140
32 148
32 157
32 173
32 255
32 277
32 440
32 464
33 38
33 40
33 43
33 44
33 47
33 48
33 49
33 50
33 51
33 52
33 53
33 56
33 57
33 58
33 61
33 73
33 90
33 93
33 107
33 114
33 115
33 121
33 122
33 130
33 137
33 140
33 147
33 148
33 157
33 161
33 173
33 186
33 208
33 255
33 277
33 282
33 304
33 319
33 440
33 441
33 511
33 730
33 779
34 37
34 39
34 44
34 62
34 123
34 148
34 169
34 186
34 187
34 190
34 253
34 255
34 407
34 437
34 787
35 36
35 59
35 63
35 86
35 87
36 55
36 59
36 63
36 86
36 87
36 108
36 272
37 47
37 61
37 62
37 69
37 70
37 72
37 73
37 123
37 157
37 169
37 203
37 207
37 208
37 214
37 217
37 392
38 40
38 44
38 47
38 48
38 50
38 53
38 57
38 58
38 61
38 62
38 69
38 71
38 73
38 105
38 147
38 173
38 209
38 214
38 291
38 293
38 304
38 446
38 452
39 187
39 205
39 424
40 43
40 44
40 47
40 48
40 49
40 50
40 53
40 56
40 57
40 58
40 61
40 62
40 69
40 70
40 71
40 73
40 90
40 105
40 107
40 114
40 115
40 122
40 137
40 140
40 147
40 157
40 173
40 203
40 208
40 209
40 214
40 217
40 250
40 304
40 392
41 42
41 84
41 97
41 98
41 102
41 103
41 113
41 120
41 124
41 125
41 144
41 145
41 146
41 154
41 155
41 160
41 170
41 176
41 177
41 193
41 201
41 210
41 218
41 222
41 239
41 246
41 259
41 267
41 270
41 280
41 283
41 292
41 311
41 312
41 320
41 327
41 328
41 330
41 345
41 347
41 360
41 365
41 375
41 410
41 419
41 420
41 421
41 423
41 443
41 447
41 453
41 458
41 463
41 474
41 503
41 508
41 523
41 527
41 544
41 557
41 563
41 564
41 572
41 575
41 580
41 596
41 606
41 620
41 639
41 640
41 643
41 650
41 653
41 676
41 692
41 696
41 729
41 755
41 756
41 775
41 838
41 842
41 848
41 914
41 937
41 939
41 971
42 98
42 177
42 222
42 410
42 503
43 44
43 47
43 49
43 50
43 53
43 57
43 58
43 62
43 69
43 70
43 73
43 90
43 107
43 122
43 123
43 129
43 130
43 140
43 147
43 148
43 157
43 161
43 204
43 262
43 319
43 392
44 47
44 48
44 49
44 50
44 53
44 56
44 57
44 58
44 61
44 62
44 69
44 70
44 73
44 105
44 107
44 129
44 130
44 140
44 147
44 157
44 186
44 203
44 204
44 209
44 264
44 291
44 293
44 304
44 369
44 377
44 392
44 442
45 46
47 48
47 50
47 53
47 57
47 58
47 61
47 62
47 69
47 70
47 73
47 90
47 105
47 114
47 115
47 122
47 137
47 157
47 173
47 203
47 208
47 214
47 217
47 250
47 304
47 369
47 392
48 49
48 50
48 53
48 56
48 57
48 58
48 69
48 70
48 73
48 90
48 115
48 137
48 140
48 147
48 157
48 161
48 204
48 209
48 214
48 293
48 304
48 369
48 464
49 50
49 53
49 56
49 57
49 58
49 70
49 73
49 90
49 93
49 107
49 122
49 129
49 130
49 140
49 147
49 157
49 161
49 173
49 186
49 187
49 254
49 262
49 277
49 291
49 304
49 319
49 440
49 464
49 471
49 549
49 645
50 53
50 56
50 57
50 58
50 61
50 69
50 70
50 73
50 90
50 93
50 105
50 107
50 114
50 115
50 121
50 122
50 123
50 129
50 130
50 140
50 147
50 148
50 157
50 161
50 173
50 204
50 254
50 262
50 277
50 304
50 319
50 377
50 413
50 440
50 645
51 52
51 53
51 57
51 61
51 114
51 137
51 148
51 190
51 208
51 266
51 411
51 441
51 730
52 53
52 114
52 115
52 137
52 190
52 266
52 441
52 526
52 644
52 730
52 901
52 940
53 56
53 57
53 58
53 62
53 71
53 105
53 107
53 114
53 115
53 122
53 140
53 147
53 148
53 157
53 161
53 208
53 209
53 217
53 264
53 304
53 368
53 392
53 901
54 55
54 59
54 78
54 108
54 195
54 196
54 198
54 245
54 249
54 299
54 305
54 324
54 325
54 326
54 354
54 359
54 391
54 451
54 462
54 514
54 649
54 778
54 821
54 854
54 990
55 59
55 63
55 78
55 108
55 195
55 196
55 198
55 299
55 324
55 354
55 359
55 514
55 649
56 57
56 58
56 90
56 93
56 105
56 107
56 114
56 115
56 129
56 130
56 140
56 147
56 157
56 161
56 173
56 186
56 204
56 209
56 254
56 277
56 291
56 304
56 392
56 464
57 58
57 61
57 62
57 70
57 73
57 90
57 105
57 107
57 114
57 115
57 122
57 123
57 130
57 137
57 140
57 147
57 148
57 157
57 161
57 169
57 173
57 186
57 207
57 208
57 209
57 253
57 255
57 293
57 304
57 413
58 61
58 62
58 69
58 73
58 90
58 105
58 114
58 115
58 122
58 129
58 130
58 140
58 147
58 157
58 173
58 203
58 207
58 209
58 214
58 263
58 277
58 291
58 293
58 304
58 377
58 413
59 60
59 63
59 66
59 67
59 68
59 78
59 80
59 84
59 85
59 86
59 87
59 94
59 95
59 96
59 99
59 100
59 101
59 104
59 106
59 108
59 124
59 126
59 128
59 133
59 134
59 136
59 138
59 144
59 149
59 150
59 151
59 152
59 153
59 167
59 168
59 184
59 185
59 188
59 189
59 194
59 195
59 196
59 197
59 198
59 199
59 202
59 206
59 211
59 221
59 228
59 229
59 230
59 231
59 234
59 235
59 236
59 237
59 242
59 245
59 247
59 248
59 249
59 251
59 252
59 265
59 268
59 272
59 275
59 276
59 285
59 286
59 290
59 294
59 295
59 297
59 298
59 299
59 300
59 302
59 303
59 305
59 306
59 307
59 315
59 321
59 325
59 330
59 331
59 332
59 343
59 346
59 349
59 354
59 370
59 371
59 373
59 374
59 382
59 387
59 389
59 390
59 397
59 399
59 406
59 412
59 415
59 425
59 427
59 433
59 435
59 436
59 438
59 439
59 444
59 455
59 457
59 459
59 465
59 466
59 470
59 478
59 482
59 494
59 495
59 497
59 498
59 503
59 509
59 513
59 517
59 524
59 528
59 533
59 534
59 541
59 542
59 545
59 546
59 548
59 553
59 556
59 558
59 560
59 562
59 570
59 571
59 578
59 582
59 584
59 599
59 602
59 608
59 612
59 617
59 623
59 630
59 634
59 638
59 651
59 656
59 674
59 679
59 682
59 694
59 699
59 702
59 707
59 710
59 717
59 721
59 722
59 723
59 724
59 725
59 731
59 732
59 733
59 750
59 760
59 778
59 789
59 803
59 833
59 853
59 856
59 871
59 891
60 84
60 85
60 99
60 100
60 149
60 231
60 236
60 553
61 62
61 69
61 72
61 73
61 74
61 75
61 122
61 123
61 137
61 148
61 157
61 169
61 173
61 203
61 207
61 208
61 214
61 217
61 250
61 255
61 266
61 446
62 69
62 70
62 73
62 129
62 147
62 148
62 203
62 209
62 214
62 217
62 263
62 264
62 293
62 377
62 392
63 80
63 86
63 101
63 199
63 206
63 228
63 245
63 251
63 272
63 300
63 370
63 478
63 546
63 617
64 65
64 76
64 77
64 81
64 762
65 77
65 81
65 762
66 750
67 68
67 94
67 104
67 152
67 153
67 185
67 202
67 230
67 247
67 268
67 269
67 275
67 286
67 294
67 298
67 325
67 331
67 436
67 466
67 470
67 485
67 830
67 902
68 94
68 104
68 126
68 136
68 150
68 152
68 153
68 184
68 185
68 202
68 230
68 247
68 268
68 275
68 286
68 294
68 298
68 300
68 315
68 325
68 349
68 439
68 466
68 478
68 509
68 603
68 651
68 726
69 70
69 73
69 90
69 114
69 137
69 203
69 207
69 208
69 214
69 217
69 250
69 263
69 304
69 369
70 71
70 73
70 79
70 90
70 107
70 122
70 123
70 130
70 140
70 147
70 157
70 169
70 203
70 204
70 207
70 214
70 262
70 263
70 291
70 369
70 392
71 73
71 90
71 105
71 107
71 173
71 452
71 454
71 645
71 793
72 74
72 75
72 123
72 148
72 169
72 190
72 207
72 208
72 214
72 255
72 266
72 282
73 74
73 75
73 90
73 105
73 107
73 122
73 123
73 130
73 147
73 148
73 157
73 169
73 173
73 203
73 204
73 207
73 208
73 214
73 255
73 262
73 263
73 291
73 454
74 75
74 122
74 123
74 169
74 207
74 255
74 262
74 319
75 122
75 123
75 148
75 255
76 77
76 135
76 182
76 337
76 540
77 135
77 182
77 183
77 337
77 461
77 540
78 96
78 174
78 175
78 194
78 195
78 196
78 197
78 198
78 235
78 303
78 307
78 397
78 513
78 609
78 638
79 107
79 122
79 130
79 147
79 262
79 263
80 95
80 101
80 106
80 126
80 151
80 153
80 184
80 198
80 206
80 235
80 249
80 285
80 300
80 307
80 315
80 332
80 354
80 387
80 389
80 390
80 415
80 418
80 427
80 438
80 455
80 466
80 541
80 558
80 710
82 83
82 166
83 166
84 85
84 94
84 95
84 96
84 99
84 131
84 132
84 134
84 152
84 153
84 211
84 218
84 231
84 236
84 242
84 276
84 307
84 367
84 371
84 421
84 433
84 435
84 522
84 539
84 542
84 543
84 551
84 552
84 630
84 683
85 95
85 152
85 211
85 231
85 279
85 307
85 367
85 433
85 435
86 87
86 251
86 272
86 273
86 274
87 272
87 273
87 274
88 89
88 127
88 136
88 158
88 159
88 180
88 378
88 481
88 496
88 766
89 127
89 136
89 150
89 158
89 200
89 219
89 226
89 227
89 348
89 496
89 626
89 632
89 709
89 864
90 105
90 107
90 122
90 123
90 130
90 140
90 147
90 157
90 161
90 164
90 173
90 204
90 254
90 262
90 277
90 291
90 304
90 319
90 454
90 645
91 92
91 111
91 112
91 168
91 219
91 302
91 397
91 398
91 439
91 470
91 500
91 605
91 722
92 112
92 126
92 168
92 185
92 202
92 220
92 225
92 260
92 301
92 302
92 349
92 394
92 397
92 398
92 404
92 422
92 439
92 500
92 605
92 619
92 626
92 629
92 705
92 722
93 114
93 115
93 121
93 140
93 304
93 368
94 152
94 153
94 188
94 230
94 242
94 247
94 298
94 346
94 372
94 373
94 484
94 623
95 96
95 136
95 150
95 153
95 174
95 196
95 198
95 211
95 234
95 235
95 249
95 286
95 315
95 326
95 338
95 351
95 354
95 371
95 387
95 402
95 418
95 435
95 455
95 558
95 570
95 577
95 798
96 136
96 174
96 196
96 197
96 198
96 211
96 235
96 286
96 315
96 326
96 351
96 354
96 371
96 374
96 397
96 418
96 435
96 570
96 579
96 602
96 654
96 798
96 952
97 98
97 103
97 120
97 125
97 144
97 155
97 177
97 222
97 283
97 320
97 361
97 365
97 671
98 102
98 103
98 113
98 120
98 124
98 125
98 144
98 146
98 154
98 155
98 160
98 170
98 177
98 193
98 201
98 210
98 218
98 222
98 239
98 246
98 259
98 267
98 270
98 280
98 283
98 292
98 312
98 320
98 327
98 328
98 330
98 345
98 347
98 360
98 361
98 365
98 375
98 410
98 423
98 443
98 447
98 453
98 458
98 503
98 508
98 520
98 544
98 563
98 572
98 580
98 589
98 596
98 606
98 615
98 640
98 643
98 658
98 729
98 756
98 759
98 771
98 786
98 861
98 953
98 977
99 100
99 236
99 444
99 543
99 938
100 134
100 236
100 386
100 444
100 543
100 634
101 106
101 126
101 136
101 184
101 198
101 202
101 206
101 245
101 251
101 265
101 284
101 285
101 286
101 300
101 307
101 315
101 332
101 370
101 387
101 390
101 415
101 418
101 482
101 517
101 546
101 617
101 667
101 674
101 679
102 120
102 283
102 328
102 365
102 573
103 120
103 124
103 125
103 144
103 146
103 155
103 170
103 177
103 201
103 222
103 239
103 310
103 313
103 320
103 360
103 443
103 521
103 538
103 653
104 128
104 153
104 168
104 184
104 185
104 202
104 229
104 230
104 331
105 107
105 122
105 157
105 173
105 209
106 167
106 198
106 206
106 265
106 332
106 354
106 370
106 412
106 667
106 674
107 122
107 129
107 130
107 140
107 147
107 157
107 161
107 204
107 392
107 454
107 618
108 126
108 128
108 151
108 168
108 184
108 185
108 189
108 251
108 265
108 272
108 275
108 294
108 332
108 346
108 354
108 359
108 391
108 451
108 469
108 487
108 541
108 951
109 110
109 233
109 968
111 112
111 150
111 156
111 168
111 219
111 271
111 286
111 298
111 302
111 397
111 404
111 432
111 439
111 462
111 472
111 484
111 605
112 156
112 168
112 219
112 271
112 301
112 302
112 397
112 500
112 605
112 705
112 713
113 176
113 177
113 201
113 222
113 280
113 383
114 115
114 121
114 137
114 148
114 173
114 208
114 250
114 304
114 411
114 441
114 446
114 511
115 121
115 137
115 140
115 214
115 304
115 329
115 511
115 644
116 117
116 843
118 119
118 139
118 141
119 139
119 141
120 124
120 125
120 144
120 145
120 146
120 154
120 155
120 170
120 176
120 177
120 201
120 222
120 239
120 270
120 280
120 309
120 310
120 320
120 360
120 365
120 410
120 443
120 447
120 653
120 888
121 173
122 123
122 130
122 140
122 147
122 148
122 157
122 161
122 169
122 173
122 204
122 207
122 208
122 255
122 262
122 263
122 318
122 319
122 440
122 454
122 764
123 148
123 157
123 169
123 187
123 208
123 217
123 262
123 319
123 407
124 125
124 144
124 146
124 155
124 170
124 177
124 193
124 201
124 223
124 224
124 310
124 313
124 360
124 443
124 521
124 557
124 563
124 653
124 786
124 888
125 126
125 144
125 146
125 155
125 177
125 201
125 283
125 310
125 313
125 314
125 320
125 361
125 365
125 443
125 538
125 589
125 781
125 888
126 127
126 136
126 150
126 158
126 159
126 168
126 180
126 185
126 200
126 202
126 265
126 275
126 285
126 286
126 294
126 297
126 298
126 300
126 325
126 326
126 332
126 346
126 349
126 354
126 378
126 439
126 462
126 481
126 507
126 509
126 528
126 577
126 584
126 603
126 617
126 847
126 970
127 136
127 150
127 158
127 159
127 168
127 180
127 181
127 185
127 200
127 202
127 225
127 271
127 275
127 286
127 294
127 298
127 325
127 326
127 349
127 378
127 445
127 481
127 583
127 605
127 626
127 766
127 790
127 979
128 168
128 184
128 185
128 189
128 265
128 323
128 346
128 547
129 130
129 147
129 157
129 186
129 204
129 209
129 264
129 277
129 291
129 377
129 413
129 442
129 618
130 140
130 147
130 157
130 161
130 204
130 209
130 262
130 263
130 277
130 291
130 413
130 414
130 442
130 618
131 132
131 367
131 421
131 460
131 539
132 188
132 367
132 539
132 543
133 134
133 175
133 194
133 231
133 236
133 691
134 194
134 231
134 236
135 183
135 461
136 150
136 153
136 158
136 159
136 180
136 181
136 185
136 198
136 200
136 202
136 251
136 265
136 268
136 275
136 285
136 286
136 294
136 295
136 297
136 298
136 300
136 315
136 325
136 326
136 332
136 349
136 351
136 374
136 409
136 422
136 445
136 451
136 462
136 481
136 496
136 507
136 517
136 528
136 584
136 617
136 631
136 651
136 736
136 749
136 801
137 157
137 173
137 203
137 208
137 214
137 250
137 304
138 194
138 236
139 141
139 376
139 565
140 157
140 161
140 254
140 304
140 319
140 353
140 368
141 368
141 376
142 143
142 154
143 820
144 146
144 155
144 320
144 443
144 538
145 146
145 176
145 201
145 222
145 270
145 312
145 316
145 320
145 360
145 383
145 443
145 448
145 502
145 561
145 575
145 653
146 154
146 176
146 177
146 201
146 222
146 223
146 224
146 316
146 320
146 360
146 383
146 443
146 502
146 557
146 561
146 653
146 888
147 148
147 157
147 204
147 207
147 209
147 253
147 262
147 263
147 277
147 291
147 293
147 413
148 157
148 169
148 173
148 186
148 190
148 207
148 208
148 253
148 255
148 266
148 277
148 317
148 319
148 440
149 534
149 553
150 151
150 156
150 168
150 185
150 189
150 200
150 219
150 225
150 226
150 227
150 265
150 268
150 269
150 271
150 275
150 286
150 289
150 294
150 298
150 301
150 302
150 323
150 338
150 346
150 349
150 354
150 374
150 422
150 428
150 436
150 439
150 484
150 562
150 570
150 592
150 605
150 626
150 660
150 709
150 736
151 184
151 189
151 211
151 265
151 275
151 298
151 301
151 354
151 382
151 387
151 390
151 428
151 466
151 679
151 733
152 153
152 168
152 185
152 195
152 211
152 219
152 229
152 230
152 231
152 242
152 247
152 276
152 286
152 289
152 298
152 307
152 325
152 331
152 346
152 354
152 371
152 372
152 373
152 379
152 391
152 399
152 433
152 460
152 484
152 503
152 539
152 623
152 630
152 651
152 683
152 800
153 168
153 184
153 185
153 195
153 196
153 198
153 202
153 211
153 229
153 230
153 242
153 245
153 249
153 268
153 286
153 294
153 298
153 306
153 307
153 315
153 325
153 331
153 354
153 366
153 371
153 373
153 379
153 382
153 460
153 485
153 623
153 732
154 239
154 320
154 333
154 334
154 365
155 313
155 320
155 361
155 365
156 168
156 219
156 271
156 286
156 298
156 323
156 339
156 393
156 397
156 428
156 432
156 501
156 623
156 672
157 169
157 173
157 204
157 207
157 208
157 217
157 255
157 277
157 319
157 350
157 377
157 392
157 454
158 159
158 180
158 200
158 285
158 295
158 325
158 349
158 374
158 378
158 445
158 507
158 517
158 655
158 847
159 378
159 481
159 847
160 218
160 246
160 650
160 680
161 164
161 254
161 262
161 413
161 414
162 163
162 576
162 826
163 576
164 165
164 254
164 488
165 254
165 488
166 911
167 195
167 196
167 197
167 198
167 221
167 235
167 249
167 321
168 184
168 185
168 189
168 202
168 219
168 225
168 229
168 230
168 260
168 268
168 271
168 286
168 294
168 298
168 299
168 301
168 323
168 325
168 331
168 332
168 346
168 349
168 366
168 379
168 382
168 391
168 398
168 402
168 404
168 422
168 470
168 487
168 515
168 528
168 537
168 541
168 547
168 603
168 605
168 626
168 629
168 672
169 208
170 201
170 360
171 172
171 770
172 770
173 208
173 282
173 304
173 441
173 446
174 175
174 194
174 235
174 303
174 513
175 194
175 195
175 303
175 504
175 574
175 579
175 691
176 177
176 201
176 222
176 224
176 316
176 383
176 410
176 642
176 958
177 201
177 222
177 223
177 224
177 239
177 283
177 313
177 316
177 328
177 383
177 410
177 443
177 557
177 653
177 696
177 739
177 786
178 179
178 550
178 746
179 227
179 429
179 430
179 550
180 181
180 200
180 275
180 300
180 349
180 358
180 445
180 617
180 631
180 742
180 766
181 185
181 200
181 202
181 341
181 349
181 404
181 499
181 598
181 605
182 183
182 337
182 461
182 540
183 461
183 540
184 185
184 189
184 229
184 272
184 275
184 286
184 294
184 306
184 331
184 379
184 382
184 541
184 603
185 196
185 198
185 202
185 211
185 228
185 229
185 231
185 260
185 275
185 286
185 294
185 299
185 306
185 315
185 325
185 326
185 341
185 349
185 391
185 405
185 439
185 462
185 470
185 478
185 487
185 552
185 603
185 605
185 617
185 629
185 726
185 778
185 854
185 943
186 187
186 264
186 368
186 442
186 858
187 368
187 424
188 242
188 373
189 219
189 225
189 269
189 275
189 286
189 289
189 294
189 298
189 323
189 346
189 436
189 470
189 484
189 547
189 560
189 603
189 722
190 214
190 266
190 437
190 666
190 787
191 192
191 434
194 303
194 504
194 552
195 196
195 198
195 234
195 245
195 249
195 260
195 299
195 315
195 324
195 418
195 528
195 570
195 613
195 614
195 638
195 649
195 654
196 197
196 198
196 234
196 235
196 303
196 315
196 324
196 325
196 326
196 354
196 371
196 397
196 418
196 451
196 513
196 530
197 198
197 206
197 235
197 249
197 303
197 321
197 351
197 418
197 497
197 529
197 530
197 546
197 654
198 202
198 206
198 234
198 235
198 249
198 286
198 299
198 307
198 315
198 321
198 326
198 338
198 341
198 349
198 351
198 370
198 387
198 404
198 418
198 462
198 482
198 497
198 513
198 516
198 517
198 528
198 529
198 530
198 541
198 545
198 546
198 555
198 558
198 570
198 651
198 710
198 742
198 819
199 354
199 556
200 202
200 294
200 349
200 374
200 554
200 626
200 790
200 979
201 222
201 270
201 283
201 313
201 316
201 320
201 383
201 443
201 502
201 521
201 557
201 561
201 653
201 827
202 228
202 229
202 260
202 286
202 294
202 299
202 315
202 323
202 325
202 349
202 379
202 382
202 398
202 404
202 422
202 439
202 462
202 470
202 515
202 535
202 541
202 547
202 603
202 605
202 617
202 619
202 742
202 857
203 207
203 208
203 214
203 217
203 250
203 263
203 304
203 369
204 377
205 308
206 235
206 251
206 286
206 305
206 307
206 332
206 370
206 382
206 438
206 546
206 674
206 679
206 693
206 707
206 913
207 217
207 255
207 277
207 454
208 214
208 217
208 282
208 441
208 764
209 293
209 392
210 218
211 231
211 242
211 245
211 268
211 275
211 286
211 289
211 298
211 315
211 354
211 371
211 373
211 374
211 399
211 433
211 503
211 570
211 623
211 917
212 213
213 258
213 390
214 217
214 250
214 264
214 304
214 369
214 437
214 730
215 216
215 364
216 234
216 364
216 483
216 577
217 392
217 793
218 246
218 417
218 420
218 463
218 680
219 220
219 225
219 261
219 271
219 298
219 302
219 322
219 323
219 338
219 339
219 342
219 348
219 357
219 387
219 388
219 393
219 394
219 395
219 402
219 409
219 422
219 426
219 477
219 484
219 501
219 512
219 515
219 570
219 574
219 578
219 595
219 607
219 621
219 652
219 669
219 690
219 695
219 708
219 711
219 737
219 749
219 767
219 768
219 791
219 792
219 808
219 817
219 830
219 878
219 884
219 903
219 918
219 950
219 962
219 967
220 289
220 298
220 301
220 302
220 322
220 323
220 395
220 397
220 409
220 426
220 431
220 432
220 439
220 465
220 603
221 235
221 321
221 602
222 239
222 283
222 312
222 316
222 383
222 410
222 443
222 642
222 758
223 224
223 521
223 563
223 653
223 786
224 521
224 653
224 875
225 294
225 298
225 323
225 349
225 387
225 422
225 626
225 672
226 227
226 298
226 429
226 432
226 496
226 590
226 592
226 627
226 672
226 709
226 746
226 808
226 852
226 919
226 920
226 960
227 422
227 429
227 432
227 598
227 660
227 709
228 229
228 238
228 379
228 541
229 230
229 231
229 238
229 245
229 306
229 307
229 325
229 331
229 366
229 379
229 382
229 391
229 397
229 470
230 247
230 294
230 372
231 242
231 367
231 391
231 433
231 822
231 825
232 233
232 368
232 376
232 424
232 880
233 968
234 249
234 286
234 299
234 302
234 418
234 500
234 528
234 570
234 595
235 315
235 418
235 435
235 513
235 558
235 602
235 707
236 553
236 724
237 943
238 245
238 306
238 366
238 379
238 382
238 541
238 744
239 360
239 365
239 490
240 241
242 354
242 373
242 405
242 522
243 244
243 505
243 622
243 659
244 350
244 407
245 265
245 300
245 325
245 332
245 354
245 366
245 374
245 478
245 570
245 617
245 736
247 373
247 539
248 268
248 272
248 273
248 294
248 343
248 344
248 354
248 478
248 493
248 541
249 286
249 299
249 307
249 321
249 326
249 418
249 482
249 497
249 546
249 654
249 727
249 738
251 332
251 507
251 599
252 853
253 255
253 317
254 414
254 488
255 319
256 257
258 750
258 795
260 406
260 487
260 629
261 357
262 263
262 319
263 291
264 353
264 368
264 377
264 392
265 268
265 294
265 295
265 297
265 298
265 325
265 332
265 346
265 354
265 374
265 466
265 736
265 801
266 411
266 666
266 779
266 812
266 881
267 958
268 269
268 286
268 294
268 295
268 298
268 325
268 326
268 332
268 343
268 354
268 374
268 391
268 416
268 462
268 478
268 651
269 275
269 294
269 295
269 297
269 326
269 343
269 354
269 373
269 391
269 400
269 401
270 312
270 316
270 447
271 286
271 297
271 298
271 325
271 481
271 626
271 777
272 273
272 354
272 382
272 541
273 296
273 434
273 469
273 715
275 285
275 286
275 289
275 294
275 297
275 298
275 300
275 346
275 354
275 374
275 451
275 541
275 603
276 503
278 279
280 281
281 283
281 310
281 420
281 510
281 620
281 650
281 663
281 692
281 774
281 780
281 839
281 904
281 930
281 954
282 318
282 411
282 441
282 764
283 311
283 313
283 510
283 557
283 763
283 786
283 926
283 947
284 285
284 412
284 415
284 641
284 667
284 966
285 286
285 297
285 300
285 374
285 389
285 415
285 507
285 509
285 517
285 546
285 710
286 289
286 294
286 295
286 297
286 298
286 299
286 300
286 302
286 306
286 307
286 315
286 325
286 326
286 332
286 349
286 354
286 374
286 397
286 404
286 439
286 451
286 462
286 470
286 482
286 507
286 509
286 541
286 570
286 577
286 584
286 638
286 648
286 651
287 288
289 290
289 302
289 322
289 323
289 343
289 346
289 379
289 397
289 399
289 427
289 433
289 558
289 571
289 704
289 753
289 833
289 864
289 870
289 878
289 896
293 413
294 295
294 297
294 325
294 326
294 349
294 354
294 359
294 372
294 391
294 436
294 451
294 462
294 469
294 470
294 478
294 487
294 541
294 547
294 603
294 605
294 657
294 726
294 734
294 743
294 874
295 297
295 325
295 326
295 332
295 354
295 374
295 416
295 451
295 507
295 509
295 715
295 972
296 434
297 325
297 332
297 343
297 346
297 354
297 451
297 466
297 509
297 801
297 847
298 301
298 331
298 349
298 404
298 409
298 439
298 466
298 470
298 484
298 500
298 570
298 605
298 626
298 651
298 672
298 693
298 709
298 736
298 743
298 808
298 830
298 852
299 349
299 406
299 513
299 614
299 649
299 651
299 778
299 821
300 315
300 415
300 478
300 482
300 509
300 517
300 546
300 570
300 674
300 679
300 819
301 302
301 379
301 397
301 404
301 426
301 427
301 465
302 394
302 397
302 404
302 426
302 439
302 465
302 482
302 483
302 500
302 582
302 633
302 679
304 369
305 394
305 497
305 582
305 878
306 331
306 379
306 541
306 723
307 370
307 433
307 517
307 638
307 707
307 717
309 310
309 361
309 544
309 664
310 313
310 664
310 757
311 345
311 510
312 316
312 447
312 527
312 564
313 314
313 320
313 361
313 396
313 520
313 781
313 906
314 320
314 396
314 520
314 544
314 671
314 887
315 338
315 341
315 351
315 418
315 439
315 455
315 478
315 486
315 517
315 541
315 555
315 570
315 577
315 613
315 614
315 742
316 383
316 443
316 448
316 502
316 561
316 575
316 642
317 318
317 407
317 440
318 440
319 350
319 380
319 471
320 360
320 443
320 538
320 888
320 912
321 370
321 513
321 546
321 638
321 707
321 983
322 323
322 395
322 397
323 379
323 395
323 397
323 398
323 462
323 477
323 515
323 541
323 603
323 736
324 359
324 942
325 326
325 332
325 349
325 354
325 366
325 391
325 416
325 451
325 460
325 462
325 481
325 507
325 509
325 584
325 617
325 651
325 672
325 734
325 735
325 736
325 854
326 354
326 378
326 418
326 460
326 462
326 481
326 584
326 713
326 928
327 508
329 868
330 444
331 346
331 379
331 603
332 349
332 354
332 391
332 409
332 416
332 451
332 487
332 736
332 801
333 334
334 506
335 336
336 444
337 540
338 339
338 348
338 351
338 422
338 486
338 555
338 570
338 578
338 599
338 952
339 348
339 351
339 393
339 428
339 592
339 672
339 808
339 864
340 341
340 518
340 555
340 652
340 799
341 404
341 418
341 422
341 485
341 519
341 530
341 598
341 605
341 652
341 955
343 344
343 354
344 354
344 478
344 736
344 852
345 365
345 755
347 850
347 873
348 351
348 354
348 428
348 451
348 486
348 555
348 578
348 592
348 613
348 672
348 733
348 749
348 797
348 884
349 404
349 409
349 422
349 439
349 445
349 462
349 470
349 547
349 605
349 651
349 722
349 742
351 485
351 486
351 496
351 555
351 558
351 570
351 654
353 931
354 373
354 391
354 399
354 428
354 451
354 541
354 648
354 649
354 674
354 736
355 356
357 720
358 359
358 391
358 487
358 751
359 469
359 514
360 443
360 888
360 912
362 363
362 635
363 828
366 379
366 700
366 969
367 872
368 424
368 585
368 818
370 546
370 674
370 707
370 913
371 373
371 435
371 460
371 522
371 717
371 798
372 373
373 399
373 623
373 630
374 378
374 517
374 528
377 442
379 382
379 397
379 541
379 603
379 669
380 381
381 899
382 425
382 427
382 541
382 733
383 410
384 385
387 427
387 456
387 513
387 541
387 599
387 638
389 390
389 571
389 639
389 641
389 703
390 641
390 886
391 401
391 451
391 478
391 487
391 541
391 745
391 747
391 854
392 900
393 623
394 397
394 398
394 535
394 582
394 619
394 797
395 656
396 506
397 404
397 439
397 477
397 570
397 582
397 603
398 537
398 603
400 401
400 743
401 743
402 515
403 404
404 422
404 439
404 470
404 485
404 500
404 605
405 943
407 471
408 409
409 462
411 441
411 446
411 511
411 748
413 414
413 442
415 466
415 667
415 674
415 710
415 964
417 420
418 528
418 529
418 530
418 864
420 421
421 696
422 432
422 439
422 462
422 470
422 499
422 605
422 626
422 629
422 660
423 573
424 549
425 548
426 439
426 465
426 619
427 456
427 541
428 736
429 430
429 869
429 920
430 550
430 670
431 432
431 628
435 522
435 552
435 584
437 688
437 787
438 457
438 494
439 478
439 605
439 722
439 797
440 471
441 730
441 925
443 538
443 653
443 781
443 888
443 958
444 543
444 634
445 922
447 474
448 502
449 450
451 462
451 487
451 541
451 613
451 736
454 604
454 897
455 498
456 537
457 667
457 679
460 539
460 605
460 732
460 933
462 478
462 499
462 530
462 535
462 617
462 651
463 650
464 645
465 597
466 484
466 905
467 468
467 504
470 547
470 605
470 700
470 743
470 874
472 473
472 701
473 701
474 838
475 476
477 669
478 617
478 722
479 480
481 605
481 631
481 777
482 546
482 570
482 638
482 819
483 577
483 631
483 934
485 562
485 660
485 874
486 599
486 647
486 877
486 884
489 490
491 492
491 757
492 757
493 541
493 731
496 801
496 852
497 699
500 582
500 605
500 619
500 626
501 512
501 791
502 561
503 760
505 622
505 659
507 509
507 584
507 617
507 742
507 970
508 794
509 517
509 584
509 702
512 791
513 541
513 546
513 629
513 638
513 669
514 515
514 649
514 715
514 959
515 616
515 619
515 796
516 517
517 528
517 655
517 742
517 922
518 519
518 652
518 720
518 903
519 776
519 903
520 544
521 739
521 887
524 750
525 526
525 752
525 927
526 536
527 929
528 629
529 530
530 535
530 711
531 532
531 965
532 965
533 534
535 582
535 619
535 796
535 857
539 683
541 613
541 669
542 543
543 938
546 723
547 689
550 769
551 552
551 724
551 825
552 724
555 570
558 571
559 560
562 592
562 865
564 838
566 567
568 569
570 599
570 638
570 651
570 656
572 573
573 581
573 594
573 658
573 842
573 851
577 790
578 760
582 916
587 588
590 591
590 657
590 860
591 701
592 593
592 672
592 883
598 766
600 601
605 626
605 705
605 722
605 790
608 609
610 611
613 614
613 802
614 844
617 631
617 734
617 742
619 796
619 882
620 696
623 725
624 625
625 980
626 632
627 628
627 709
631 742
636 637
638 981
639 924
641 668
641 966
646 647
646 893
648 674
648 710
648 723
649 819
649 891
652 720
652 799
652 831
655 766
658 811
661 662
661 982
667 674
667 789
672 673
672 852
674 679
674 723
674 819
675 676
677 678
678 915
681 682
684 685
686 687
689 715
690 879
690 948
693 800
697 698
701 806
701 946
703 704
703 979
705 706
707 855
708 978
711 712
711 796
711 903
714 715
715 935
716 717
718 719
718 885
724 761
726 928
727 728
730 779
734 898
735 736
735 797
736 749
736 808
740 741
741 976
743 821
745 876
752 849
753 754
755 904
764 765
765 832
767 768
772 773
779 925
779 927
782 783
784 785
788 789
804 805
806 807
808 852
808 960
809 810
810 859
813 814
815 816
820 851
823 824
828 829
830 997
834 835
836 837
840 841
844 845
850 873
851 961
854 898
855 963
862 863
866 867
873 895
874 973
881 949
888 912
889 890
892 893
894 895
897 932
907 908
907 936
909 910
913 974
919 920
923 924
937 958
940 941
944 945
956 957
966 975
984 985
986 987
988 989
991 992
993 994
995 996